Pos1Ref_chr17:7578207-7578318/0_111 @m170922_223647_42237_c101229972550000001823291512091717_s1_p0/77341/0_12227/0_12227 0 0 -509 95.5357 1969 2080 4004 2 111 111 2268
Pos1Alt_chr17:7578207-7578318/0_111 @m170922_223647_42237_c101229972550000001823291512091717_s1_p0/77341/0_12227/0_12227 0 0 -520 96.4286 1969 2080 4004 2 111 111 2272
Pos2Ref_chr17:7579256-7579367/0_111 @m170922_223647_42237_c101229972550000001823291512091717_s1_p0/77341/0_12227/0_12227 0 0 -450 94.1176 3018 3119 4004 0 97 111 2022
Pos2Alt_chr17:7579256-7579367/0_111 @m170922_223647_42237_c101229972550000001823291512091717_s1_p0/77341/0_12227/0_12227 0 0 -439 93.1373 3018 3119 4004 0 97 111 2023
Pos1Ref_chr17:7578207-7578318/0_111 @m170922_223647_42237_c101229972550000001823291512091717_s1_p0/78593/1611_4941/0_3330 0 1 -488 95.3704 1948 2054 3180 0 107 111 2227
Pos1Alt_chr17:7578207-7578318/0_111 @m170922_223647_42237_c101229972550000001823291512091717_s1_p0/78593/1611_4941/0_3330 0 1 -499 96.2963 1948 2054 3180 0 107 111 2226
Pos2Ref_chr17:7579256-7579367/0_111 @m170922_223647_42237_c101229972550000001823291512091717_s1_p0/78593/1611_4941/0_3330 0 1 -420 88.8889 2962 3060 3180 5 111 111 2238
Pos2Alt_chr17:7579256-7579367/0_111 @m170922_223647_42237_c101229972550000001823291512091717_s1_p0/78593/1611_4941/0_3330 0 1 -409 87.963 2962 3060 3180 5 111 111 2237
Pos1Ref_chr17:7578207-7578318/0_111 @m170922_223647_42237_c101229972550000001823291512091717_s1_p0/108646/4930_10232/0_5302 0 1 -422 86.9565 1876 1983 5077 0 111 111 2347
Pos1Alt_chr17:7578207-7578318/0_111 @m170922_223647_42237_c101229972550000001823291512091717_s1_p0/108646/4930_10232/0_5302 0 1 -411 86.087 1876 1983 5077 0 111 111 2338
Pos2Ref_chr17:7579256-7579367/0_111 @m170922_223647_42237_c101229972550000001823291512091717_s1_p0/108646/4930_10232/0_5302 0 1 -467 92.7273 2963 3071 5077 2 109 111 2235
Pos2Alt_chr17:7579256-7579367/0_111 @m170922_223647_42237_c101229972550000001823291512091717_s1_p0/108646/4930_10232/0_5302 0 1 -478 93.6364 2963 3071 5077 2 109 111 2235
