Pos1Ref_chr17:7578207-7578318/0_111 @m170922_223647_42237_c101229972550000001823291512091717_s1_p0/77341/0_12227/0_12227 0 0 -509 95.5357 1969 2080 4004 2 111 111 2268
Pos1Alt_chr17:7578207-7578318/0_111 @m170922_223647_42237_c101229972550000001823291512091717_s1_p0/77341/0_12227/0_12227 0 0 -520 96.4286 1969 2080 4004 2 111 111 2272
Pos2Ref_chr17:7579256-7579367/0_111 @m170922_223647_42237_c101229972550000001823291512091717_s1_p0/77341/0_12227/0_12227 0 0 -450 94.1176 3018 3119 4004 0 97 111 2022
Pos2Ref_chr17:7579256-7579367/0_111 @m170922_223647_42237_c101229972550000001823291512091717_s1_p0/77341/0_12227/0_12227 0 1 -54 60.3448 808 854 4004 33 86 111 1156
Pos2Alt_chr17:7579256-7579367/0_111 @m170922_223647_42237_c101229972550000001823291512091717_s1_p0/77341/0_12227/0_12227 0 0 -439 93.1373 3018 3119 4004 0 97 111 2023
Pos2Alt_chr17:7579256-7579367/0_111 @m170922_223647_42237_c101229972550000001823291512091717_s1_p0/77341/0_12227/0_12227 0 1 -58 61.4035 808 854 4004 33 86 111 1145
Pos1Ref_chr17:7578207-7578318/0_111 @m170922_223647_42237_c101229972550000001823291512091717_s1_p0/78593/1611_4941/0_3330 0 1 -488 95.3704 1948 2054 3180 0 107 111 2227
Pos1Ref_chr17:7578207-7578318/0_111 @m170922_223647_42237_c101229972550000001823291512091717_s1_p0/78593/1611_4941/0_3330 0 1 -40 100 1063 1071 3180 94 102 111 135
Pos1Ref_chr17:7578207-7578318/0_111 @m170922_223647_42237_c101229972550000001823291512091717_s1_p0/78593/1611_4941/0_3330 0 0 -40 100 1676 1684 3180 92 100 111 135
Pos1Alt_chr17:7578207-7578318/0_111 @m170922_223647_42237_c101229972550000001823291512091717_s1_p0/78593/1611_4941/0_3330 0 1 -499 96.2963 1948 2054 3180 0 107 111 2226
Pos1Alt_chr17:7578207-7578318/0_111 @m170922_223647_42237_c101229972550000001823291512091717_s1_p0/78593/1611_4941/0_3330 0 0 -40 100 1676 1684 3180 92 100 111 135
Pos2Ref_chr17:7579256-7579367/0_111 @m170922_223647_42237_c101229972550000001823291512091717_s1_p0/78593/1611_4941/0_3330 0 1 -420 88.8889 2962 3060 3180 5 111 111 2245
Pos2Ref_chr17:7579256-7579367/0_111 @m170922_223647_42237_c101229972550000001823291512091717_s1_p0/78593/1611_4941/0_3330 0 0 -84 68.8889 590 630 3180 8 45 111 798
Pos2Ref_chr17:7579256-7579367/0_111 @m170922_223647_42237_c101229972550000001823291512091717_s1_p0/78593/1611_4941/0_3330 0 1 -40 100 2305 2313 3180 16 24 111 135
Pos2Alt_chr17:7579256-7579367/0_111 @m170922_223647_42237_c101229972550000001823291512091717_s1_p0/78593/1611_4941/0_3330 0 1 -409 87.963 2962 3060 3180 5 111 111 2246
Pos2Alt_chr17:7579256-7579367/0_111 @m170922_223647_42237_c101229972550000001823291512091717_s1_p0/78593/1611_4941/0_3330 0 0 -84 68.8889 590 630 3180 8 45 111 798
Pos2Alt_chr17:7579256-7579367/0_111 @m170922_223647_42237_c101229972550000001823291512091717_s1_p0/78593/1611_4941/0_3330 0 1 -42 61.9048 1390 1426 3180 7 47 111 833
Pos2Alt_chr17:7579256-7579367/0_111 @m170922_223647_42237_c101229972550000001823291512091717_s1_p0/78593/1611_4941/0_3330 0 1 -40 100 2305 2313 3180 16 24 111 135
Pos1Ref_chr17:7578207-7578318/0_111 @m170922_223647_42237_c101229972550000001823291512091717_s1_p0/108646/4930_10232/0_5302 0 1 -422 86.9565 1876 1983 5077 0 111 111 2349
Pos1Alt_chr17:7578207-7578318/0_111 @m170922_223647_42237_c101229972550000001823291512091717_s1_p0/108646/4930_10232/0_5302 0 1 -411 86.087 1876 1983 5077 0 111 111 2339
Pos2Ref_chr17:7579256-7579367/0_111 @m170922_223647_42237_c101229972550000001823291512091717_s1_p0/108646/4930_10232/0_5302 0 1 -467 92.7273 2963 3071 5077 2 109 111 2235
Pos2Ref_chr17:7579256-7579367/0_111 @m170922_223647_42237_c101229972550000001823291512091717_s1_p0/108646/4930_10232/0_5302 0 0 -86 66.0714 1945 1989 5077 33 86 111 1166
Pos2Ref_chr17:7579256-7579367/0_111 @m170922_223647_42237_c101229972550000001823291512091717_s1_p0/108646/4930_10232/0_5302 0 0 -50 100 1877 1887 5077 79 89 111 176
Pos2Alt_chr17:7579256-7579367/0_111 @m170922_223647_42237_c101229972550000001823291512091717_s1_p0/108646/4930_10232/0_5302 0 1 -478 93.6364 2963 3071 5077 2 109 111 2235
Pos2Alt_chr17:7579256-7579367/0_111 @m170922_223647_42237_c101229972550000001823291512091717_s1_p0/108646/4930_10232/0_5302 0 0 -79 65.4545 1945 1989 5077 33 86 111 1168
Pos2Alt_chr17:7579256-7579367/0_111 @m170922_223647_42237_c101229972550000001823291512091717_s1_p0/108646/4930_10232/0_5302 0 0 -50 100 1877 1887 5077 79 89 111 176
